repository                    ci_loc   other_loc   total_loc  shared_loc   local_loc  data_lines
------------------------ ----------- ----------- ----------- ----------- ----------- -----------
canic                          14552        2173       16725        4587       12138        7893
ic-backup                       3348        2249        5597        3496        2101          46
ic-blob-storage                 3399        2252        5651        4181        1470          20
ic-host-tooling                 2666        1328        3994        3189         805          92
ic-memory                       2900         726        3626        2946         680          38
ic-metrics                      2952        1317        4269        3166        1103          21
ic-query                        3853        1839        5692        2094        3598        1352
ic-testkit                      3038        1163        4201        2449        1752          20
ic-timers                       4095        3274        7369        3464        3905          54
ichelper                           0         131         131           0         131           0
icydb                           7632        2343        9975        3345        6630          88
shared-tooling                  6054        1770        7824           0        7824          20
toko-miner                       345       11287       11632         550       11082          20
toko-miner-assets                  0           0           0           0           0           0
------------------------ ----------- ----------- ----------- ----------- ----------- -----------
TOTAL                          54834       31852       86686       33467       53219        9664
